100000000000001
100000001000010
100000010000011
100000011000100
100000100000101
100000101000110
100000110000111
100000111001000
100001000001001
100001001001010
100001010001011
100001011001100
100001100001101
100001101001110
100001110001111
100001111010000
100010000010001
100010001010010
100010010010011
100010011010100
100010100010101
100010101010110
100010110010111
100010111011000
100011000011001
100011001011010
100011010011011
100011011011100
100011100011101
100011101011110
100011110011111
100011111100000
100100000100001
100100001100010
100100010100011
100100011100100
100100100100101
100100101100110
100100110100111
100100111101000
100101000101001
100101001101010
100101010101011
100101011101100
100101100101101
100101101101110
100101110101111
100101111110000
100110000110001
100110001110010
100110010110011
100110011110100
100110100110101
100110101110110
100110110110111
100110111111000
100111000111001
100111001111010
100111010111011
100111011111100
100111100111101
100111101111110
100111110111111
100111111000000